Team,GP,W,L,T,OT,P,P%,RW,ROW,S/O Win,GF,GA,GF/GP,GA/GP,PP%,PK%,Net PP%,Net PK%,Shots/GP,SA/GP,FOW%
Anaheim Ducks,8,3,5,--,0,6,0.375,0,2,1,16,30,2,3.75,11.1,75,5.6,75,24.9,30,44.5
Boston Bruins,8,2,5,--,1,5,0.313,0,2,0,19,30,2.38,3.75,11.8,64.7,5.9,64.7,28,29.9,52.7
Buffalo Sabres,8,3,4,--,1,7,0.438,3,3,0,25,25,3.13,3.13,29.2,79.2,29.2,79.2,21.4,30.1,44.2
Calgary Flames,5,3,2,--,0,6,0.6,2,3,0,12,10,2.4,2,13.3,66.7,13.3,75,32.2,27.4,47.3
Carolina Hurricanes,8,2,5,--,1,5,0.313,2,2,0,18,24,2.25,3,9.5,82.4,9.5,82.4,32.4,25.5,49.6
Chicago Blackhawks,4,0,4,--,0,0,0,0,0,0,12,21,3,5.25,25,81.8,0,81.8,22.8,30,50
Colorado Avalanche,7,4,3,--,0,8,0.571,4,4,0,20,15,2.86,2.14,14.3,94.4,9.5,105.6,29.6,28.6,46.1
Columbus Blue Jackets,5,2,2,--,1,5,0.5,1,1,1,12,18,2.4,3.6,30.8,72.7,30.8,72.7,26.8,29.2,48.9
Dallas Stars,7,6,1,--,0,12,0.857,4,5,1,24,13,3.43,1.86,28.6,83.3,28.6,83.3,30.1,27.3,51.1
Detroit Red Wings,3,2,1,--,0,4,0.667,2,2,0,10,11,3.33,3.67,40,77.8,40,77.8,25.3,24,50
Edmonton Oilers,7,4,2,--,1,9,0.643,4,4,0,26,22,3.71,3.14,50,80,50,80,33.4,26.7,50.8
Florida Panthers,7,5,2,--,0,10,0.714,4,4,1,25,17,3.57,2.43,33.3,78.3,33.3,95.7,28.3,27.7,48.7
Los Angeles Kings,7,2,3,--,2,6,0.429,1,2,0,15,16,2.14,2.29,7.7,81.3,7.7,81.3,27.6,24.4,49.5
Minnesota Wild,6,4,2,--,0,8,0.667,2,3,1,14,15,2.33,2.5,8.3,77.3,8.3,81.8,22.5,29.8,45.8
Montréal Canadiens,9,7,2,--,0,14,0.778,5,6,1,31,22,3.44,2.44,10.5,83.9,10.5,93.6,29.7,26.3,50.8
Nashville Predators,6,2,4,--,0,4,0.333,2,2,0,16,21,2.67,3.5,27.8,68.2,22.2,68.2,28.8,30.8,46.3
New Jersey Devils,8,2,5,--,1,5,0.313,2,2,0,17,24,2.13,3,10,76.2,10,76.2,30.3,26.4,52.1
New York Islanders,7,4,3,--,0,8,0.571,3,4,0,20,18,2.86,2.57,0,66.7,0,75,31.1,29.4,54.8
New York Rangers,9,3,5,--,1,7,0.389,3,3,0,22,32,2.44,3.56,7.7,75.8,0,84.9,29.8,29.6,51.8
Ottawa Senators,11,6,4,--,1,13,0.591,4,6,0,28,25,2.55,2.27,20.7,82.4,20.7,91.2,26,27.1,50
Philadelphia Flyers,8,2,4,--,2,6,0.375,2,2,0,24,29,3,3.63,11.8,66.7,11.8,66.7,26,25.1,47.3
Pittsburgh Penguins,6,1,3,--,2,4,0.333,0,1,0,15,23,2.5,3.83,22.7,76.5,22.7,76.5,22,29.3,47
San Jose Sharks,4,1,2,--,1,3,0.375,1,1,0,12,12,3,3,28.6,90,28.6,100,23.5,30,43.9
Seattle Kraken,8,3,5,--,0,6,0.375,2,3,0,24,34,3,4.25,19.1,71.4,19.1,76.2,26.1,28,50.3
St. Louis Blues,6,2,3,--,1,5,0.417,2,2,0,20,19,3.33,3.17,33.3,66.7,25,66.7,29,26.5,53.4
Tampa Bay Lightning,7,2,4,--,1,5,0.357,2,2,0,16,19,2.29,2.71,15.4,86.7,0,93.3,30.6,27.3,51
Toronto Maple Leafs,6,5,1,--,0,10,0.833,5,5,0,24,17,4,2.83,33.3,94.7,26.7,94.7,25.3,31.7,52.2
Utah Hockey Club,5,2,2,--,1,5,0.5,2,2,0,12,16,2.4,3.2,30,92.9,30,92.9,27.2,31,53.4
Vancouver Canucks,9,2,4,--,3,7,0.389,1,1,1,16,27,1.78,3,19.1,78.3,19.1,78.3,22.1,24.8,50
Vegas Golden Knights,3,2,1,--,0,4,0.667,2,2,0,13,10,4.33,3.33,40,66.7,40,100,33.3,23,52.5
Washington Capitals,7,2,4,--,1,5,0.357,2,2,0,18,20,2.57,2.86,22.2,77.3,16.7,77.3,23.1,27.6,48.6
Winnipeg Jets,4,2,2,--,0,4,0.5,2,2,0,13,13,3.25,3.25,50,80,50,80,26.3,32.3,51.5
