Team,GP,W,L,T,OT,P,P%,RW,ROW,S/O Win,GF,GA,GF/GP,GA/GP,PP%,PK%,Net PP%,Net PK%,Shots/GP,SA/GP,FOW%
Columbus Blue Jackets,8,7,1,--,0,14,0.875,5,5,2,36,24,4.5,3,47.1,79,47.1,84.2,28.6,31.1,48.9
Vegas Golden Knights,10,7,3,--,0,14,0.7,7,7,0,30,17,3,1.7,18.2,78.3,18.2,82.6,31.1,24,48.9
Washington Capitals,8,6,0,--,2,14,0.875,5,6,0,26,14,3.25,1.75,30,89.5,20,89.5,23.6,28,53.4
Winnipeg Jets,9,6,1,--,2,14,0.778,6,6,0,32,15,3.56,1.67,34.8,81.5,34.8,81.5,26.6,25.1,52.8
Detroit Red Wings,10,6,4,--,0,12,0.6,5,6,0,36,34,3.6,3.4,34.4,68.4,28.1,68.4,26,25.3,53.7
Edmonton Oilers,7,6,1,--,0,12,0.857,4,6,0,22,14,3.14,2,16.7,84.6,11.1,84.6,30.4,26.1,52.4
Carolina Hurricanes,7,5,1,--,1,11,0.786,4,5,0,23,15,3.29,2.14,14.3,87.5,14.3,93.8,30.4,24,54.9
Colorado Avalanche,6,5,0,--,1,11,0.917,3,5,0,23,13,3.83,2.17,15,84.6,10,84.6,29.8,23.5,46.5
Tampa Bay Lightning,7,5,2,--,0,10,0.714,5,5,0,25,18,3.57,2.57,21.7,88.9,8.7,105.6,26.3,32.9,47.4
Boston Bruins,6,4,1,--,1,9,0.75,4,4,0,21,13,3.5,2.17,14.3,76.9,7.1,92.3,24.8,28.3,52.4
Dallas Stars,7,4,2,--,1,9,0.643,3,4,0,20,18,2.86,2.57,9.1,100,4.6,100,31.6,23.4,52.4
Pittsburgh Penguins,8,4,3,--,1,9,0.563,3,4,0,25,27,3.13,3.38,40,66.7,30,66.7,29.8,27.5,51.7
New Jersey Devils,5,4,0,--,1,9,0.9,3,4,0,16,5,3.2,1,44.4,100,44.4,100,26.6,21.6,49.3
Anaheim Ducks,7,4,2,--,1,9,0.643,4,4,0,20,18,2.86,2.57,4.4,73.9,0,73.9,29.7,28.3,50.8
Nashville Predators,6,4,1,--,1,9,0.75,3,4,0,20,16,3.33,2.67,20,72.7,20,72.7,27.5,22.3,50.3
Chicago Blackhawks,9,4,5,--,0,8,0.444,4,4,0,23,32,2.56,3.56,21.7,80,17.4,84,24.7,32.4,47.9
Los Angeles Kings,4,4,0,--,0,8,1,3,4,0,14,8,3.5,2,16.7,90.9,16.7,90.9,23.5,28.8,48.3
St. Louis Blues,7,4,3,--,0,8,0.571,4,4,0,23,17,3.29,2.43,12.5,64.7,12.5,70.6,29,25,51.5
Calgary Flames,7,3,2,--,2,8,0.571,3,3,0,20,22,2.86,3.14,20,70.6,15,76.5,27.1,28.9,44.3
Montréal Canadiens,4,3,0,--,1,7,0.875,2,3,0,17,7,4.25,1.75,38.9,92.3,38.9,92.3,26.5,24.5,51.2
Florida Panthers,7,3,3,--,1,7,0.5,1,2,1,13,21,1.86,3,15.8,76.9,5.3,76.9,32.1,29.3,53
Toronto Maple Leafs,8,3,5,--,0,6,0.375,2,3,0,20,30,2.5,3.75,11.8,66.7,11.8,66.7,27.3,28.5,51.3
Philadelphia Flyers,6,3,3,--,0,6,0.5,2,3,0,21,21,3.5,3.5,20,80,15,80,29.2,22.8,50.8
Buffalo Sabres,5,3,2,--,0,6,0.6,2,2,1,18,19,3.6,3.8,16.7,76.9,16.7,76.9,29.6,28,45.1
Minnesota Wild,8,3,5,--,0,6,0.375,3,3,0,22,32,2.75,4,27.3,61.5,22.7,61.5,29.6,32.6,49
Vancouver Canucks,5,2,1,--,2,6,0.6,2,2,0,15,17,3,3.4,14.3,93.8,7.1,100,24.6,26,50.9
New York Rangers,4,2,1,--,1,5,0.625,1,2,0,10,11,2.5,2.75,30,75,30,75,27,32,51.8
Utah Hockey Club,8,2,5,--,1,5,0.313,1,2,0,17,25,2.13,3.13,19.2,87,19.2,87,27,29,49.8
San Jose Sharks,9,2,7,--,0,4,0.222,2,2,0,17,31,1.89,3.44,17.4,57.9,8.7,57.9,27.2,31.8,47.2
Seattle Kraken,5,1,3,--,1,3,0.3,1,1,0,12,15,2.4,3,18.2,85.7,18.2,85.7,26.4,28,46.6
New York Islanders,4,1,3,--,0,2,0.25,1,1,0,8,14,2,3.5,0,70,0,70,29.8,27,54.6
Ottawa Senators,2,1,1,--,0,2,0.5,1,1,0,3,6,1.5,3,0,87.5,0,87.5,31,23.5,59.9
