Team,GP,W,L,Location,OT,P,P%,RW,ROW,S/O Win,GF,GA,GF/GP,GA/GP,PP%,PK%,Net PP%,Net PK%,Shots/GP,SA/GP,FOW%
Edmonton Oilers,8,7,1,home,0,14,0.875,5,7,0,30,18,3.75,2.25,20,86.7,10,86.7,29.6,27.4,50.5
Winnipeg Jets,8,5,1,home,2,12,0.75,5,5,0,30,16,3.75,2,34.4,77.3,34.4,77.3,26.5,27,52.5
Dallas Stars,9,5,3,home,1,11,0.611,4,5,0,26,23,2.89,2.56,9.7,100,6.5,105.3,32.6,22.4,55.3
New Jersey Devils,7,5,1,home,1,11,0.786,5,5,0,20,10,2.86,1.43,18.8,100,12.5,105.9,27.7,18.1,51.6
Vegas Golden Knights,6,5,1,home,0,10,0.833,5,5,0,22,9,3.67,1.5,9.1,81.3,9.1,87.5,30.2,25.5,49.2
Columbus Blue Jackets,8,4,2,home,2,10,0.625,3,3,1,29,27,3.63,3.38,45.5,76.5,45.5,76.5,28.9,31.1,50.4
Washington Capitals,5,4,0,home,1,9,0.9,4,4,0,16,8,3.2,1.6,45.5,88.9,36.4,88.9,26.4,26.4,53.5
Vancouver Canucks,8,3,2,home,3,9,0.563,3,3,0,25,27,3.13,3.38,20,81.5,10,85.2,23.1,28,51.3
Boston Bruins,4,4,0,home,0,8,1,3,4,0,15,5,3.75,1.25,20,72.7,20,72.7,25,18.8,55.8
Detroit Red Wings,8,4,4,home,0,8,0.5,4,4,0,24,25,3,3.13,22.7,70.6,18.2,70.6,25.5,24.8,53.3
Los Angeles Kings,4,4,0,home,0,8,1,3,4,0,16,8,4,2,28.6,90.9,28.6,90.9,26.8,26,49.3
Pittsburgh Penguins,5,4,1,home,0,8,0.8,3,4,0,20,15,4,3,41.2,90.9,41.2,109.1,30,28.6,55.8
Carolina Hurricanes,5,4,1,home,0,8,0.8,4,4,0,16,8,3.2,1.6,13.3,100,13.3,107.7,31.6,25.6,51.6
Colorado Avalanche,5,4,1,home,0,8,0.8,3,4,0,22,15,4.4,3,15.4,57.1,15.4,57.1,30.6,24.8,48.4
Calgary Flames,7,3,2,home,2,8,0.571,3,3,0,23,25,3.29,3.57,20,66.7,13.3,72.2,27,28.6,42
Nashville Predators,5,3,1,home,1,7,0.7,2,3,0,17,13,3.4,2.6,15.4,77.8,15.4,77.8,25.8,24.8,50.6
Montréal Canadiens,5,3,2,home,0,6,0.6,2,2,1,17,17,3.4,3.4,26.3,77.8,26.3,77.8,23.8,27.8,50.6
Toronto Maple Leafs,6,3,3,home,0,6,0.5,3,3,0,18,22,3,3.67,20,42.9,20,42.9,31.7,29.8,50.8
Chicago Blackhawks,6,3,3,home,0,6,0.5,3,3,0,16,21,2.67,3.5,29.4,86.4,29.4,90.9,23.2,29,44.3
New York Islanders,6,3,3,home,0,6,0.5,3,3,0,18,22,3,3.67,0,60,0,60,26.8,28.7,53.9
Ottawa Senators,4,3,1,home,0,6,0.75,2,3,0,13,8,3.25,2,30.8,75,30.8,75,31.5,27.3,57.5
Tampa Bay Lightning,5,3,2,home,0,6,0.6,3,3,0,18,15,3.6,3,18.8,86.7,0,100,24,34.2,49.4
Anaheim Ducks,5,3,2,home,0,6,0.6,3,3,0,14,14,2.8,2.8,0,77.8,-5,77.8,30.8,25.6,50
Florida Panthers,6,3,3,home,0,6,0.5,2,3,0,11,16,1.83,2.67,11.1,85.7,0,85.7,33.8,30.8,51.9
Minnesota Wild,8,3,5,home,0,6,0.375,3,3,0,19,28,2.38,3.5,23.8,62.5,19.1,62.5,28.3,31.1,47
Seattle Kraken,6,2,2,home,2,6,0.5,2,2,0,15,15,2.5,2.5,18.8,83.3,18.8,83.3,25.2,29.5,48.6
Philadelphia Flyers,4,2,2,home,0,4,0.5,1,2,0,14,16,3.5,4,0,83.3,-12.5,100,29,25.8,54.9
St. Louis Blues,5,2,3,home,0,4,0.4,2,2,0,16,18,3.2,3.6,8.3,50,8.3,58.3,26.2,26.6,48.8
Utah Hockey Club,5,1,2,home,2,4,0.4,0,1,0,14,17,2.8,3.4,31.3,87.5,31.3,87.5,28.4,32,49.8
Buffalo Sabres,5,1,3,home,1,3,0.3,1,1,0,18,21,3.6,4.2,0,81.8,0,81.8,27.8,26.6,49
New York Rangers,5,1,4,home,0,2,0.2,1,1,0,10,18,2,3.6,8.3,84.6,8.3,92.3,29.8,30.4,56.4
San Jose Sharks,7,1,6,home,0,2,0.143,1,1,0,14,26,2,3.71,16.7,63.6,5.6,63.6,26.4,33.1,49.1
Colorado Avalanche,7,6,1,away,0,12,0.857,6,6,0,25,11,3.57,1.57,20,95.5,15,100,28.3,29.7,46.6
Utah Hockey Club,8,6,2,away,0,12,0.75,6,6,0,27,21,3.38,2.63,35,92,35,96,27.1,27.6,48.4
Toronto Maple Leafs,7,5,2,away,0,10,0.714,4,5,0,24,19,3.43,2.71,29.4,87.5,17.7,91.7,24.4,31.1,49.2
Ottawa Senators,8,5,3,away,0,10,0.625,3,5,0,22,18,2.75,2.25,12.5,84,12.5,92,25.8,27.4,53.4
Montréal Canadiens,6,4,2,away,0,8,0.667,4,4,0,22,16,3.67,2.67,9.1,83.3,9.1,94.4,29.3,28.8,50.6
Tampa Bay Lightning,6,4,2,away,0,8,0.667,4,4,0,23,10,3.83,1.67,41.2,92.3,41.2,100,27.7,25.8,52.8
Florida Panthers,6,4,2,away,0,8,0.667,3,3,1,17,16,2.83,2.67,20,78.6,20,100,29.8,23.7,49.4
Los Angeles Kings,7,3,2,away,2,8,0.571,3,3,0,21,17,3,2.43,9.1,93.3,0,93.3,26.3,26,46.5
St. Louis Blues,7,3,2,away,2,8,0.571,2,3,0,19,16,2.71,2.29,26.7,66.7,26.7,72.2,25.7,25.3,48.7
Philadelphia Flyers,9,3,5,away,1,7,0.389,3,3,0,29,35,3.22,3.89,20,68.2,20,68.2,24.9,24.3,49
Anaheim Ducks,7,3,3,away,1,7,0.5,0,2,1,18,23,2.57,3.29,15,71.4,10,71.4,28.9,31.1,44.3
Washington Capitals,7,3,4,away,0,6,0.429,2,3,0,17,19,2.43,2.71,16.7,82.6,11.1,82.6,27.1,27.1,50
Winnipeg Jets,5,3,2,away,0,6,0.6,3,3,0,17,15,3.4,3,40,72.7,40,72.7,26.8,28.6,50.8
Minnesota Wild,5,3,2,away,0,6,0.6,0,1,2,11,18,2.2,3.6,0,62.5,0,68.8,26.2,28.6,45.5
Vegas Golden Knights,4,3,1,away,0,6,0.75,2,3,0,15,13,3.75,3.25,25,85.7,25,128.6,35.3,25.3,53.4
Boston Bruins,8,2,5,away,1,5,0.313,1,2,0,17,31,2.13,3.88,13.3,57.9,13.3,57.9,29.1,26.5,54.5
Pittsburgh Penguins,6,2,3,away,1,5,0.417,1,2,0,21,22,3.5,3.67,33.3,82.4,33.3,82.4,23.7,27.7,49.2
Buffalo Sabres,8,2,5,away,1,5,0.313,2,2,0,25,31,3.13,3.88,33.3,68,33.3,68,21.8,30.6,44.7
Carolina Hurricanes,7,2,4,away,1,5,0.357,2,2,0,17,21,2.43,3,20,86.7,20,86.7,31.7,24.6,48.8
New York Rangers,7,2,5,away,0,4,0.286,2,2,0,13,24,1.86,3.43,9.1,80,0,88,28.9,30,53
Detroit Red Wings,4,2,2,away,0,4,0.5,1,1,1,12,18,3,4.5,18.2,80,9.1,80,26,26.5,46.9
Dallas Stars,2,2,0,away,0,4,1,2,2,0,8,3,4,1.5,10,83.3,10,83.3,32,25.5,56.9
Calgary Flames,4,2,2,away,0,4,0.5,2,2,0,9,13,2.25,3.25,16.7,83.3,8.3,83.3,30.8,26.8,47.4
New York Islanders,6,2,4,away,0,4,0.333,2,2,0,16,20,2.67,3.33,20,53.9,20,53.9,29,29.7,52.6
Seattle Kraken,5,2,3,away,0,4,0.4,1,2,0,17,23,3.4,4.6,23.1,72.7,23.1,72.7,24,29.2,49
Vancouver Canucks,4,1,2,away,1,3,0.375,0,0,1,7,12,1.75,3,22.2,75,22.2,75,23,27,53
Edmonton Oilers,3,1,1,away,1,3,0.5,1,1,0,13,10,4.33,3.33,55.6,88.9,55.6,100,28.3,30.3,47.4
San Jose Sharks,5,1,3,away,1,3,0.3,1,1,0,12,16,2.4,3.2,18.8,88.9,18.8,88.9,26.8,33.6,47.4
Columbus Blue Jackets,5,1,3,away,1,3,0.3,1,1,0,12,19,2.4,3.8,12.5,85.7,6.3,85.7,26.2,28.8,44
Chicago Blackhawks,6,1,5,away,0,2,0.167,1,1,0,16,26,2.67,4.33,18.2,93.3,0,93.3,25.8,27.8,42.2
New Jersey Devils,5,1,4,away,0,2,0.2,1,1,0,10,16,2,3.2,7.1,84.6,7.1,84.6,32,26.2,53.4
Nashville Predators,6,1,5,away,0,2,0.167,1,1,0,14,24,2.33,4,20,71.4,10,71.4,33.3,32.5,46.3
